40 0001 0 10100010
40 0001 1 11011000
40 0001 2 10011111
40 0001 3 11100101
40 0001 4 00100100
40 0001 5 01011110
40 0001 6 00011001
40 0001 7 01100011
40 0001 8 11100001
40 0001 9 10011011
40 0001 10 11011100
40 0001 11 10100110
40 0001 12 01100111
40 0001 13 00011101
40 0001 14 01011010
40 0001 15 00100000
40 0001 16 00011011
40 0001 17 01100001
40 0001 18 00100110
40 0001 19 01011100
40 0001 20 10011101
40 0001 21 11100111
40 0001 22 10100000
40 0001 23 11011010
40 0001 24 01011000
40 0001 25 00100010
40 0001 26 01100101
40 0001 27 00011111
40 0001 28 11011110
40 0001 29 10100100
40 0001 30 11100011
40 0001 31 10011001
40 0001 32 01100110
40 0001 33 00011100
40 0001 34 01011011
40 0001 35 00100001
40 0001 36 11100000
40 0001 37 10011010
40 0001 38 11011101
40 0001 39 10100111
40 0001 40 00100101
40 0001 41 01011111
40 0001 42 00011000
40 0001 43 01100010
40 0001 44 10100011
40 0001 45 11011001
40 0001 46 10011110
40 0001 47 11100100
40 0001 48 11011111
40 0001 49 10100101
40 0001 50 11100010
40 0001 51 10011000
40 0001 52 01011001
40 0001 53 00100011
40 0001 54 01100100
40 0001 55 00011110
40 0001 56 10011100
40 0001 57 11100110
40 0001 58 10100001
40 0001 59 11011011
40 0001 60 00011010
40 0001 61 01100000
40 0001 62 00100111
40 0001 63 01011101
40 0001 64 11000000
40 0001 65 10111010
40 0001 66 11111101
40 0001 67 10000111
40 0001 68 01000110
40 0001 69 00111100
40 0001 70 01111011
40 0001 71 00000001
40 0001 72 10000011
40 0001 73 11111001
40 0001 74 10111110
40 0001 75 11000100
40 0001 76 00000101
40 0001 77 01111111
40 0001 78 00111000
40 0001 79 01000010
40 0001 80 01111001
40 0001 81 00000011
40 0001 82 01000100
40 0001 83 00111110
40 0001 84 11111111
40 0001 85 10000101
40 0001 86 11000010
40 0001 87 10111000
40 0001 88 00111010
40 0001 89 01000000
40 0001 90 00000111
40 0001 91 01111101
40 0001 92 10111100
40 1 93 11000110
40 1 94 10000001
